x10 = 1;
x20 = 1;
A = [0 1; 0 0];
B = [0; 1];
K = [30 10];
